62.0
58.9
60.5
60.2
58.7
59.6
58.4
59.0
63.0
58.8
59.5
42.1
58.0
61.8
62.1
59.3
61.5
59.1
63.4
65.8
62.2
64.9
63.1
64.5
65.6
65.8
60.5
64.6
70.0
67.9
66.6
69.2
68.2
65.5
69.3
72.8
66.2
70.3
72.0
70.7
71.7
71.7
69.3
71.6
75.0
73.0
71.2
73.7
71.5
72.0
74.4
68.8
69.7
71.2
73.6
71.8
74.6
72.6
73.3
76.8
70.7
74.9
74.9
74.2
73.5
76.2
75.5
76.2
71.7
74.8
76.2
77.7
71.0
74.4
82.4
72.3
72.3
75.4
71.2
73.1
70.4
70.6
69.7
68.7
66.2
69.9
67.0
68.8
68.0
69.0
63.3
67.3
64.2
65.8
61.6
64.2
60.0
64.4
59.8
60.9
60.8
61.3
61.2
61.1
50.6
61.7
59.9
57.4
60.3
57.9
62.9
62.0
60.0
59.2
57.9
60.1
64.1
58.2
62.9
60.6
