162.1
130.8
170.8
166.8
168.8
106.3
116.2
107.5
164.7
207.3
120.3
206.8
147.2
132.5
194.0
147.9
170.7
189.5
280.3
285.6
191.7
269.3
323.7
315.3
275.1
300.1
277.3
409.4
369.1
383.8
412.4
410.0
409.8
386.1
434.3
489.2
472.4
502.9
521.6
555.2
480.5
584.3
619.4
535.4
560.8
652.1
574.4
642.2
608.2
636.4
679.9
674.4
698.6
635.9
726.3
648.4
753.7
718.8
707.0
764.8
780.1
799.3
740.6
784.8
760.8
774.0
745.9
760.6
817.4
831.5
850.5
721.1
781.3
798.6
783.2
846.8
829.9
811.1
805.8
806.8
753.8
765.7
775.4
799.1
777.5
749.2
723.9
714.9
680.3
697.3
668.5
688.9
701.1
665.8
637.6
672.8
653.2
623.9
937.0
567.9
539.4
536.9
571.3
543.1
524.4
482.9
527.4
523.2
411.6
447.1
382.1
403.3
433.5
527.5
394.1
344.2
320.4
279.6
292.4
233.4
335.4
468.5
332.5
252.1
523.1
21.0
206.4
13.2
188.7
190.4
207.9
257.8
214.6
161.1
108.3
129.5
168.3
150.0
180.1
193.9
143.0
128.4
93.7
90.1
