117.8
156.3
103.8
152.2
177.2
182.3
142.9
156.6
215.2
166.6
168.1
227.9
158.3
216.0
138.0
235.9
237.4
171.7
211.9
222.5
282.2
233.3
254.8
267.9
310.4
334.2
348.4
433.2
351.8
363.3
381.7
363.7
390.9
403.6
411.8
359.6
401.0
442.4
498.2
507.8
483.8
522.8
426.4
509.2
605.5
499.4
553.5
572.4
610.9
621.3
531.8
635.4
650.8
683.1
594.3
716.2
729.3
624.7
681.0
920.0
687.3
780.9
723.4
762.6
707.3
717.4
766.2
690.7
755.5
747.8
704.3
676.9
727.6
724.3
725.1
704.7
677.0
794.4
751.2
733.4
680.1
818.1
651.3
719.7
702.3
729.7
812.6
642.9
662.4
603.8
663.1
529.0
434.2
595.1
615.4
568.7
607.0
536.7
518.0
521.8
540.6
489.0
543.7
524.2
481.8
426.7
453.3
417.0
402.1
410.5
404.7
442.6
405.4
295.5
283.3
354.4
303.8
332.5
308.1
279.8
251.5
269.9
303.5
247.1
221.7
233.7
241.9
237.9
174.7
179.3
224.6
161.5
133.4
189.2
215.7
178.9
146.2
121.8
444.6
133.4
159.4
123.1
104.5
167.7
